[[32,
  33,
  34,
  35,
  37,
  38,
  39,
  40,
  41,
  42,
  43,
  44,
  47,
  48,
  49,
  55,
  56,
  57,
  58,
  59,
  73,
  74,
  75,
  76,
  78,
  79,
  80,
  85,
  86,
  87,
  110,
  111,
  112,
  113,
  114,
  115,
  118,
  119,
  141,
  142,
  143,
  236,
  237,
  257,
  266,
  365,
  367,
  368,
  369,
  370,
  371,
  372,
  374,
  375,
  376,
  384,
  399,
  400,
  401,
  402,
  428,
  429,
  430,
  431,
  432,
  434,
  435,
  436,
  437,
  438,
  439,
  441,
  442,
  443,
  444,
  445,
  446,
  447,
  448,
  449,
  450,
  451,
  454,
  455,
  456,
  457,
  464,
  465,
  466,
  469,
  471,
  472,
  473,
  476,
  477,
  478,
  480,
  481,
  482,
  483,
  508,
  509,
  510,
  511,
  512,
  517,
  518,
  519,
  520,
  521,
  522,
  523,
  530,
  531,
  533,
  534,
  535,
  536,
  537,
  538,
  557,
  558,
  559,
  563,
  572,
  576,
  577,
  578,
  579,
  580,
  581,
  582,
  585,
  587,
  588,
  589,
  590,
  591,
  592,
  594,
  595,
  596,
  597,
  598,
  599,
  600,
  601,
  602,
  603,
  604,
  605,
  606,
  607,
  608,
  613,
  614,
  615,
  616,
  617,
  618,
  619,
  620,
  621,
  622,
  626,
  627,
  628,
  629,
  631,
  639,
  640,
  641,
  642,
  644,
  645,
  646,
  647,
  648,
  650,
  651,
  652,
  653,
  655,
  656,
  657,
  658,
  659,
  660,
  663,
  664,
  665,
  666,
  682,
  683,
  684,
  685,
  687,
  688,
  689,
  690,
  691,
  692,
  693,
  694,
  695,
  699,
  700,
  701,
  702,
  706,
  707,
  708,
  709,
  710,
  711,
  712,
  713,
  714,
  715,
  716,
  717,
  718,
  719,
  720,
  721,
  722,
  723,
  724,
  725,
  726,
  727,
  728,
  729,
  730,
  731,
  745,
  754,
  759,
  760,
  761,
  762,
  767,
  768,
  769,
  770,
  772,
  781,
  783,
  785,
  786,
  787,
  788,
  790,
  791,
  804,
  805,
  806,
  807,
  812,
  815,
  820,
  821,
  822,
  840,
  841,
  842,
  843,
  844,
  845,
  846,
  847,
  853,
  854,
  855,
  856,
  872,
  874,
  875,
  876,
  891,
  892,
  909,
  910,
  911,
  912,
  932,
  933,
  950,
  963,
  967,
  969,
  970,
  971,
  987,
  989,
  990,
  991,
  992,
  993,
  994,
  1007,
  1008,
  1031,
  1033,
  1034,
  1035,
  1036,
  1037,
  1045,
  1046,
  1047,
  1049,
  1050,
  1051,
  1097,
  1098,
  1099,
  1102,
  1103,
  1158,
  1159,
  1160,
  1161,
  1163,
  1164,
  1165,
  1204,
  1205,
  1209,
  1210,
  1216,
  1219,
  1220,
  1221,
  1292,
  1293,
  1294,
  1295,
  1298,
  1299,
  1331,
  1332,
  1333,
  1334,
  1348,
  1353,
  1354,
  1355,
  1356,
  1357,
  1358,
  1359,
  1360,
  1361,
  1362,
  1363,
  1364,
  1365,
  1434,
  1435,
  1437,
  1438,
  1439,
  1440,
  1441,
  1811,
  1812,
  1813,
  1814,
  1815,
  1820,
  1821,
  1822,
  1823,
  1824,
  1829,
  1832,
  1833,
  1834,
  1835,
  1838,
  1839,
  1840,
  1842,
  1843,
  1844,
  1845,
  2477,
  2478,
  2479,
  2480,
  2481,
  2484,
  2485,
  2486,
  2487,
  2488,
  2489,
  2490,
  2491,
  2492,
  2493,
  2494,
  2497,
  2498,
  2500,
  2508,
  2539,
  2540,
  2567,
  2568,
  2569,
  2571,
  2572,
  2573,
  2574,
  2576,
  2577,
  2619,
  2620,
  2621,
  2622,
  2623,
  2624,
  2625,
  2626,
  2627,
  2628,
  2629,
  2630,
  2631,
  2632,
  2633,
  2634,
  2635,
  2636,
  2637,
  2638,
  2639,
  2640,
  2641,
  2642,
  2643,
  2644,
  2645,
  2646,
  2647,
  2666,
  2667,
  2668,
  2884,
  2885,
  2887,
  2888,
  2889,
  2890,
  2891,
  2892,
  2893,
  2894,
  2895,
  2902,
  2908,
  2909,
  2910,
  2911,
  2912,
  2913,
  2914,
  2915,
  2916,
  2917,
  2918,
  2919,
  2920,
  2921,
  2922,
  2923,
  2925,
  2926,
  2927,
  2929,
  2930,
  2931,
  2933,
  2934,
  2937,
  2993,
  3018,
  3019,
  3020,
  3021,
  3022,
  3023,
  3024,
  3025,
  3026,
  3033,
  3034,
  3035,
  3036,
  3560,
  3561,
  3562,
  3593,
  3594,
  3595,
  3596,
  3597,
  3598,
  3599,
  3600,
  3601,
  3602,
  3603,
  3660,
  3661,
  3662,
  3663,
  3664,
  3665,
  3666,
  3685,
  3686,
  3687,
  3688,
  3689,
  3690,
  3691,
  3692,
  3693,
  3696,
  3718,
  3719,
  3720,
  3721,
  3722,
  3723,
  3724,
  3729,
  3730,
  3731,
  3732,
  3733,
  3734,
  3735,
  3736,
  3737,
  3738,
  3739,
  3740,
  3741,
  3742,
  3743,
  3744,
  3745,
  3746,
  3747,
  3748,
  3749,
  3750,
  3751,
  3752,
  3754,
  3902,
  3903,
  3904,
  4228,
  4229,
  4246,
  4247,
  4248,
  4249,
  4250,
  4251,
  4252,
  4253,
  4254,
  4255,
  4256,
  4257,
  4258,
  4259,
  4260,
  4261,
  4262,
  4263,
  4267,
  4268,
  4269,
  4270,
  4271,
  4274,
  4275,
  4276,
  4277,
  4278,
  4285,
  4328,
  4329,
  4330,
  4338,
  4339,
  4340,
  4343,
  4344,
  4345,
  4348,
  4349,
  4350,
  4351,
  4359,
  4362,
  4364,
  4408,
  4409,
  4410,
  4411,
  4412,
  4413,
  4414,
  4415,
  4416,
  4417,
  4418,
  4419,
  4420,
  4421,
  4422,
  4423,
  4424,
  4425,
  4426,
  4427,
  4428,
  4429,
  4430,
  4431,
  4432,
  4433,
  4434,
  4435,
  4436,
  4437,
  4438,
  4439,
  4440,
  4441,
  4442,
  4487,
  4488,
  4489,
  4490,
  4491,
  4492,
  4493,
  4494,
  4899,
  4900,
  4901,
  4902,
  4903,
  4911,
  4912,
  4913,
  4914,
  4915,
  4917,
  4918,
  4919,
  4921,
  4923,
  4924,
  4925,
  4926,
  4927,
  4928,
  4929,
  4981,
  4982,
  4983,
  4984,
  4985,
  4991,
  4992,
  4993,
  5000,
  5001,
  5008,
  5012,
  5013,
  5014,
  5015,
  5016,
  5017,
  5018,
  5019,
  5020,
  5021,
  5022,
  5023,
  5445,
  5446,
  5447,
  5448,
  5449,
  5450,
  5454,
  5455,
  5457,
  5459,
  5460,
  5461,
  5462,
  5463,
  5468,
  5469,
  5470,
  5471,
  5472,
  5473,
  5477,
  5478,
  5572,
  5573,
  5574,
  5575,
  5576,
  5577,
  5578,
  5579,
  5580,
  5581,
  5582,
  5583,
  5584,
  5585,
  5586,
  5587,
  5588,
  5589,
  5590,
  5591,
  5592,
  5593,
  5594,
  5595,
  5596,
  5597,
  5598,
  5599,
  5600,
  5601,
  5827,
  5828,
  5829,
  5830,
  5831,
  5833,
  5834,
  5835,
  5836,
  5853,
  5942,
  5943,
  5944,
  5945,
  6543,
  6544,
  6545,
  6569,
  6570,
  6571,
  6572,
  6573,
  6574,
  6575,
  6576,
  6577,
  6578,
  6579,
  6581,
  6582,
  6583,
  6584,
  6585,
  6586,
  6587,
  6588,
  6589,
  6590,
  6591,
  6592,
  6593,
  6594,
  6596,
  6602,
  6603,
  6606,
  6607,
  6608,
  6769,
  6771,
  6772,
  6773,
  6778,
  6782,
  6783,
  6784,
  6785,
  6786,
  6787,
  6789,
  6790,
  6791,
  6792,
  6865,
  6866,
  6868,
  6869,
  6870,
  6871,
  6875,
  6876,
  6877,
  6879,
  6880,
  6881,
  6882,
  6883,
  6886,
  7544,
  7545,
  7546,
  7547,
  7548,
  7549,
  7550,
  7551,
  7552,
  7553,
  7554,
  7555,
  7556,
  7559,
  7560,
  7561,
  7562,
  7563,
  7564,
  7565,
  7566,
  7567,
  7568,
  7569,
  7570,
  7571,
  7572,
  7573,
  7574,
  7575,
  7576,
  7578,
  7579,
  7580,
  7581,
  7582,
  7583,
  7584,
  7585,
  7586,
  7587,
  7588,
  7589,
  7590,
  7591,
  7592,
  7593,
  7594,
  7618,
  7619,
  7620,
  7621,
  7622,
  7623,
  7624,
  7633,
  7639,
  7640,
  7641,
  7642,
  7644,
  7645,
  7646,
  7647,
  7648,
  7649,
  7650,
  7651,
  7681,
  7682,
  7683,
  7684,
  7685,
  7686,
  7687,
  7688,
  7689,
  7690,
  7691,
  7692,
  7694,
  7712,
  7713,
  7714,
  7715,
  7716,
  7717,
  7719,
  7720,
  7721,
  7737,
  7738,
  7739,
  7740,
  7741,
  7754,
  7769,
  7770,
  7771,
  7772,
  7773,
  7774,
  7775,
  7776,
  7777,
  7778,
  7779,
  7780,
  7782,
  7783,
  7784,
  7785,
  7786,
  7787,
  7790,
  7791,
  7792,
  7793,
  7811,
  7812,
  7813,
  7814,
  7815,
  7816,
  7817,
  7819,
  7820,
  7821,
  7822,
  7823,
  7828,
  7829,
  7830,
  7831,
  7832,
  7838,
  7839,
  7840,
  7845,
  7846,
  7847,
  8361,
  8362,
  8363,
  8364,
  8365,
  8366,
  8367,
  8368,
  8369,
  8370,
  8371,
  8372,
  8373,
  8374,
  8376,
  8383,
  8384,
  8385,
  8404,
  8405,
  8406,
  8407,
  8408,
  8409,
  8410,
  8411,
  8412,
  8447,
  8448,
  8453,
  8454,
  8455,
  8456,
  8457,
  8458,
  8459,
  8460,
  8461,
  8462,
  8463,
  8464,
  8465,
  8466,
  8467,
  8468,
  8469,
  8470,
  8471,
  8472,
  8473,
  8474,
  8475,
  8476,
  8477,
  8478,
  8479,
  8481,
  8482,
  8483,
  8484,
  8485,
  8487,
  8488,
  8490,
  8509,
  8510,
  8511,
  8512,
  8597,
  8598,
  8599,
  8600,
  8601,
  8602,
  8603,
  8625,
  8626,
  8627,
  8632,
  8633,
  8637,
  8638,
  8641,
  8642,
  8643,
  8644,
  8645,
  8646,
  8647,
  8648,
  8649,
  8650,
  8651,
  8652,
  8653,
  8654,
  8656,
  8657,
  8658,
  8659,
  8660,
  8661,
  8662,
  8663,
  8664,
  8665,
  8668,
  8669,
  8670,
  8671,
  8672,
  8673,
  8674,
  8675,
  8676,
  8677,
  8678,
  8679,
  8680,
  8681,
  8682,
  8684,
  8685,
  8686,
  8687,
  8688,
  8689,
  8690,
  8691,
  8692,
  8694,
  8695,
  8696,
  8697,
  8698,
  8699,
  8701,
  8702,
  8703,
  8704,
  8705,
  8706,
  8707,
  8708,
  8709,
  8710,
  8774,
  8775,
  8776,
  8777,
  8785,
  8786,
  8807,
  8808,
  8866,
  8867,
  8868,
  8869,
  8870,
  8872,
  8873,
  8874,
  8875,
  8880,
  8881,
  8882,
  8886,
  8887,
  8889,
  8890,
  8891,
  8892,
  8893,
  8894,
  8895,
  8896,
  8897,
  8898,
  8899,
  8900,
  8901,
  8902,
  9606,
  9607,
  9608,
  9609,
  9611,
  9612,
  9613,
  9614,
  9615,
  9616,
  9617,
  9618,
  9619,
  9620,
  9621,
  9705,
  9706,
  9707,
  9708,
  9709,
  9710,
  9711,
  9712,
  9718,
  9719,
  9720,
  9721,
  9725,
  9726,
  9786,
  9787,
  9788,
  9789,
  9790,
  9791,
  9792,
  9793,
  9794,
  9795,
  9796,
  9797,
  9798,
  9799,
  9800,
  9801,
  9802,
  9803,
  9804,
  9805,
  9806,
  9807,
  9808,
  9809,
  9810,
  9811,
  9812,
  9813,
  9814,
  9815,
  9816,
  9817,
  9818,
  9819,
  9820,
  9821,
  9822,
  9823,
  9824,
  9825,
  9826,
  9827,
  9828,
  9829,
  9830,
  9831,
  9832,
  9833,
  9834,
  9835,
  9836,
  9837,
  9838,
  9897,
  9898,
  9899,
  9900,
  9901,
  9902,
  9903,
  9904,
  9905,
  9906,
  9907,
  9912,
  9913,
  9914,
  9915,
  9933,
  9936,
  10064,
  10065,
  10066,
  10067,
  10075,
  10076,
  10083,
  10086,
  10087,
  10224,
  10225,
  10226,
  10228,
  10229,
  10230,
  10231,
  10232,
  10233,
  10234,
  10235,
  10236,
  10237,
  10238,
  10239,
  10240,
  10241,
  10242,
  10243,
  10244,
  10245,
  10246,
  10247,
  10248,
  10249,
  10250,
  10251,
  10252,
  10253,
  10270,
  10271,
  10272,
  10275,
  10277,
  10278,
  10282,
  10283,
  10295,
  10296,
  10297,
  10310,
  10311,
  10312,
  10313,
  10314,
  10315,
  10317,
  10321,
  10322,
  10323,
  10324,
  10325,
  10326,
  10327,
  10328,
  10329,
  10330,
  10331,
  10332,
  10333,
  10336,
  10339,
  10340,
  10341,
  10342,
  10343,
  10344,
  10345,
  10346,
  10347,
  10348,
  10349,
  10350,
  10351,
  10352,
  10356,
  10357,
  10461,
  10462,
  10463,
  10464,
  10465,
  10466,
  10467,
  10471,
  10472,
  10473,
  10474,
  10477,
  10478,
  10479,
  10483,
  10484,
  10485,
  10486,
  10800,
  10801,
  10802,
  10806,
  10807,
  10808,
  10809,
  10810,
  10811,
  10812,
  10813,
  10815,
  10816,
  10817,
  10829,
  10830,
  10831,
  10832,
  10833,
  10834,
  10835,
  10836,
  10837,
  10838,
  10839,
  10840,
  10841,
  10842,
  10843,
  10844,
  10845,
  10846,
  10847,
  10848,
  10849,
  10850,
  10851,
  10852,
  10853,
  10854,
  10855,
  10856,
  10897,
  10901,
  10903,
  10907,
  10908,
  10910,
  10913,
  10914,
  10915,
  10916,
  10917,
  10918,
  10919,
  10920,
  10921,
  10944,
  10945,
  10946,
  10947,
  10948,
  10956,
  10964,
  10965,
  10966,
  10967,
  10968,
  10972,
  10973,
  10978,
  10979,
  10980,
  10984,
  10985,
  10986,
  10987,
  10988,
  10989,
  10990,
  10991,
  10992,
  10994,
  10995,
  10998,
  10999,
  11000,
  11001,
  11004,
  11005,
  11006,
  11007,
  11008,
  11009,
  11010,
  11017,
  11018,
  11019,
  11020,
  11021,
  11022,
  11023,
  11024,
  11025,
  11026,
  11028,
  11029,
  11030,
  11031,
  11034,
  11035,
  11036,
  11037,
  11043,
  11044,
  11045,
  11046,
  11052,
  11053,
  11056,
  11057,
  11059,
  11063,
  11064,
  11065,
  11066,
  11071,
  11072,
  11073,
  11074,
  11075,
  11076,
  11077,
  11078,
  11079,
  11080,
  11081,
  11082,
  11083,
  11084,
  11085,
  11086,
  11087,
  11090,
  11091,
  11092,
  11100,
  11101,
  11103,
  11106,
  11107,
  11108,
  11109,
  11112,
  11113,
  11114,
  11119,
  11120,
  11121,
  11126,
  11127,
  11128,
  11133,
  11134,
  11135,
  11136,
  11137,
  11138,
  11139,
  11490,
  11491,
  11492,
  11494,
  11495,
  11496,
  11499,
  11500,
  11501,
  11502,
  11503,
  11504,
  11505,
  11506,
  11507,
  11508,
  11509,
  11510,
  11512,
  11513,
  11514,
  11515,
  11516,
  11517,
  11520,
  11521,
  11523,
  11524,
  11525,
  11527,
  11528,
  11530,
  11532,
  11535,
  11536,
  11537,
  11538,
  11539,
  11540,
  11541,
  11544,
  11547,
  11549,
  11552,
  11553,
  11554,
  11557,
  11564,
  11567,
  11570,
  11573,
  11588,
  11589,
  11590,
  11592,
  11593,
  11594,
  11602,
  11603,
  11604,
  11606,
  11607,
  11608,
  11609,
  11614,
  11618,
  11621,
  11624,
  11625,
  11626,
  11629,
  11630,
  11631,
  11632,
  11633,
  11635,
  11636,
  11637,
  11638,
  11640,
  11641,
  11642,
  11648,
  11649,
  11651,
  11657,
  11658,
  11659,
  11660,
  11661,
  11665,
  11666,
  11667,
  11668,
  11669,
  11670,
  11674,
  11675,
  11676,
  11681,
  11682,
  11683,
  11689,
  11690,
  11695,
  11696,
  11697,
  11701,
  11707,
  11739,
  11740,
  11741,
  11742,
  11743,
  11744,
  11745,
  11746,
  11747,
  11748,
  11749,
  11751,
  11754,
  11755,
  11756,
  11757,
  11758,
  11759,
  11761,
  11764,
  11767,
  11768,
  11779,
  11780,
  11789,
  11796,
  11802,
  12240,
  12241,
  12242,
  12243,
  12244,
  12249,
  12250,
  12251,
  12252,
  12257,
  13038,
  13039,
  13040,
  13041,
  13046,
  13047,
  13048,
  13049,
  13050,
  13188,
  13192,
  13194,
  13195,
  13219,
  13220,
  13221,
  13222,
  13223,
  13224,
  13226,
  13227,
  13228,
  13229,
  13231,
  13232,
  13233,
  13234,
  13235,
  13236,
  13237,
  13238,
  13239,
  13240,
  13241,
  13242,
  13265,
  13266,
  13267,
  13268,
  13269,
  13270,
  13271,
  13272,
  13277,
  13278,
  13279,
  13280,
  13281,
  13282,
  13283,
  13284,
  13285,
  13286,
  13287,
  13288,
  13289,
  13290,
  13291,
  13292,
  13293,
  13294,
  13295,
  13296,
  13297,
  13298,
  13299,
  13300,
  13301,
  13302,
  13303,
  13304,
  13305,
  13349,
  13350,
  13351,
  13352,
  13353,
  13354,
  13355,
  13356,
  13357,
  13358,
  13359,
  13360,
  13361,
  13362,
  13396,
  13405,
  13406,
  13407,
  13409,
  13410,
  13411,
  13412,
  13413,
  13414,
  13415,
  13416,
  13417,
  13418,
  13419,
  13420,
  13424,
  13427,
  13428,
  13429,
  13526,
  13527,
  13528,
  13529,
  13532,
  13533,
  13534,
  13544,
  13545,
  13546,
  13547,
  13548,
  13549,
  13550,
  13557,
  13558,
  13559,
  13564,
  13565,
  13568,
  13596,
  13597,
  13598,
  13599,
  13600,
  13601,
  13602,
  13603,
  13604,
  13610,
  13666,
  13667,
  13774,
  13775,
  13776,
  14089,
  14090,
  14091,
  14093,
  14096,
  14097,
  14098,
  14099,
  14100,
  14101,
  14102,
  14103,
  14104,
  14105,
  14106,
  14107,
  14112,
  14113,
  14114,
  14115,
  14247,
  14248,
  14249,
  14250,
  14251,
  14252,
  14253,
  14254,
  14255,
  14256,
  14257,
  14258,
  14259,
  14260,
  14261,
  14262,
  14263,
  14264,
  14265,
  14266,
  14267,
  14268,
  14269,
  14270,
  14271,
  14272,
  14273,
  14274,
  14275,
  14280,
  14281,
  14284,
  14285,
  14286,
  14287,
  14288,
  14289,
  14290,
  14291,
  14292,
  14293,
  14328,
  14329,
  14569,
  14570,
  14571,
  14574,
  14575,
  14576,
  14578,
  14579,
  14580,
  14582,
  14583,
  14584,
  14586,
  14587,
  14588,
  14593,
  14594,
  14595,
  14600,
  14601,
  14603,
  14606,
  14607,
  14610,
  14613,
  14614,
  14615,
  14616,
  14619,
  14620,
  14622,
  14623,
  14624,
  14625,
  14626,
  14627,
  14628,
  14631,
  14632,
  14633,
  14639,
  14640,
  14641,
  14642,
  14643,
  14644,
  14645,
  14646,
  14647,
  14648,
  14649,
  14650,
  14653,
  14654,
  14655,
  14659,
  14660,
  14661,
  14662,
  14663,
  14664,
  14665,
  14667,
  14670,
  14671,
  14672,
  14673,
  14676,
  14677,
  14679,
  15329,
  15330,
  15331,
  15337,
  15338,
  15339,
  15340,
  15341,
  15342,
  15343,
  15344,
  15345,
  15346,
  15347,
  15348,
  15349,
  15350,
  15463,
  15485,
  15486,
  15487,
  15488,
  15489,
  15490,
  15491,
  15492,
  15493,
  15494,
  15495,
  15496,
  15497,
  15498,
  15499,
  15500,
  15501,
  15502,
  15503,
  15504,
  15505,
  15506,
  15507,
  15508,
  15509,
  15510,
  15511,
  15512,
  15513,
  15514,
  15515,
  15516,
  15517,
  15518,
  15519,
  15520,
  15521,
  15522,
  15523,
  15524,
  15525,
  15526,
  15527,
  15528,
  15529,
  15530,
  15531,
  15532,
  15533,
  15534,
  15535,
  15536,
  15537,
  15538,
  15552,
  15553,
  15554,
  15555,
  15556,
  15557,
  15565,
  15566,
  15567,
  15568,
  15569,
  15570,
  15571,
  15572,
  15573,
  15574,
  15575,
  15576,
  15582,
  15583,
  15588,
  15591,
  15594,
  15595,
  15596,
  15597,
  15598,
  15599,
  15604,
  15605,
  15606,
  15607,
  15610,
  15611,
  15612,
  15613,
  15616,
  15617,
  15618,
  15620,
  15623,
  15624,
  15625,
  15627,
  15630,
  15631,
  15632,
  15633,
  15634,
  15635,
  15636,
  15641,
  15644,
  15645,
  15646,
  15647,
  15650,
  15651,
  15652,
  15653,
  15654,
  15655,
  15656,
  15657,
  15658,
  15662,
  15663,
  15664,
  15665,
  15669,
  15670,
  15671,
  15676,
  15677,
  15678,
  15680,
  15681,
  15682,
  15683,
  15734,
  15735,
  15736,
  15737,
  15738,
  15739,
  15740,
  15741,
  15743,
  15744,
  15745,
  15748,
  15749,
  15750,
  15751,
  15752,
  15754,
  15755,
  15756,
  15757,
  15761,
  15762,
  15763,
  15764,
  15767,
  15768,
  15769,
  15770,
  15771,
  15772,
  15775,
  15776,
  15777,
  15781,
  15782,
  15783,
  15784,
  15785,
  15786,
  15790,
  15791,
  15792,
  15793,
  15794,
  15795,
  15799,
  15800,
  15801,
  15803,
  15804,
  15805,
  15806,
  15807,
  15808,
  15809,
  15810,
  15811,
  15812,
  15813,
  15814,
  15815,
  15816,
  15817,
  15824,
  15825,
  15826,
  15827,
  15828,
  15829,
  15833,
  15834,
  15835,
  15839,
  15840,
  15841,
  15842,
  15845,
  15846,
  15847,
  15852,
  15853,
  15854,
  15855,
  15859,
  15860,
  15861,
  15862,
  15863,
  15864,
  15865,
  15866,
  15867,
  15868,
  15869,
  15873,
  15874,
  15875,
  15877,
  15936,
  15937,
  15938,
  15939,
  15940,
  15941,
  15942,
  15943,
  15949,
  15950,
  15951,
  15952,
  15953,
  15954,
  15955,
  15956,
  15960,
  15961,
  15966,
  15967,
  15972,
  15979,
  15980,
  15981,
  16005,
  16006,
  16007,
  16008,
  16009,
  16010,
  16011,
  16021,
  16022,
  16027,
  16028,
  16029,
  16030,
  16031,
  16032,
  16033,
  16580,
  16581,
  16582,
  16583,
  16584,
  16585,
  16586,
  16587,
  16619,
  16620,
  16621,
  16693,
  16697,
  16730,
  16731,
  16732,
  16733,
  16734,
  16735,
  16736,
  16737,
  16738,
  16739,
  16740,
  16741,
  16742,
  16743,
  16744,
  16745,
  16746,
  16747,
  16748,
  16749,
  16781,
  16782,
  16783,
  16784,
  16785,
  16786,
  16787,
  16803,
  16805,
  16824,
  16825,
  16826,
  16827,
  16828,
  16829,
  16830,
  16831,
  16832,
  16833,
  16834,
  16835,
  16836,
  16837,
  16842,
  16843,
  16844,
  16845,
  16846,
  16847,
  16848,
  16849,
  16850,
  16851,
  16852,
  16853,
  16854,
  16855,
  16856,
  16857,
  16858,
  16859,
  16860,
  16861,
  16862,
  16863,
  16864,
  16865,
  16866,
  16867,
  16868,
  16869,
  16870,
  16871,
  16872,
  16873,
  16874,
  16875,
  16876,
  16877,
  16878,
  16879,
  16880,
  16881,
  16882,
  16883,
  16911,
  16917,
  16918,
  16919,
  16920,
  16921,
  16922,
  16923,
  17062,
  17063,
  17064,
  17065,
  17066,
  17071,
  17072,
  17075,
  17076,
  17077,
  17078,
  17079,
  17080,
  17081,
  17082,
  17083,
  17084,
  17085,
  17090,
  17091,
  17092,
  17093,
  17097,
  17100,
  17101,
  17107,
  17108,
  17109,
  17114,
  17123,
  17124,
  17125,
  17126,
  17127,
  17128,
  17129,
  17130,
  17131,
  17132,
  17133,
  17134,
  17143,
  17144,
  17145,
  17146,
  17148,
  17151,
  17152,
  17153,
  17154,
  17155,
  17156,
  17158,
  17161,
  17162,
  17163,
  17167,
  17168,
  17169,
  17173,
  17174,
  17180,
  17181,
  17183,
  17186,
  17187,
  17193,
  17194,
  17195,
  17242,
  17243,
  17244,
  17245,
  17246,
  17247,
  17248,
  17256,
  17341,
  17462,
  17463,
  17464,
  17465,
  17511,
  17512,
  17513,
  18433,
  18434,
  18435,
  18436,
  18442,
  18443,
  18444,
  18445,
  18446,
  18447,
  18448,
  18449,
  18450,
  18451,
  18452,
  18453,
  18454,
  18455,
  18556,
  18557,
  18558,
  18559,
  18621,
  18622,
  18623,
  18624,
  18625,
  18626,
  18627,
  18628,
  18629,
  18630,
  18631,
  18632,
  18633,
  18634,
  18635,
  18636,
  18637,
  18638,
  18639,
  18640,
  18641,
  18642,
  18643,
  18644,
  18645,
  18646,
  18647,
  18648,
  18677,
  18678,
  18679,
  18680,
  18681,
  18682,
  18683,
  18684,
  18685,
  18686,
  18687,
  18688,
  18689,
  18690,
  18691,
  18692,
  18693,
  18694,
  18695,
  18696,
  18697,
  18698,
  18699,
  18700,
  18701,
  18702,
  18703,
  18704,
  18705,
  18706,
  18707,
  18708,
  18709,
  18710,
  18711,
  18712,
  18713,
  18714,
  18715,
  18716,
  18717,
  18718,
  18719,
  18720,
  18725,
  18726,
  18727,
  18732,
  18733,
  18734,
  18735,
  18736,
  18737,
  18738,
  18739,
  18740,
  18741,
  18742,
  18743,
  18744,
  18745,
  18746,
  18747,
  18748,
  18946,
  18948,
  18971,
  18972,
  18973,
  18974,
  18977,
  18978,
  18979,
  18980,
  18981,
  18982,
  18983,
  18984,
  18985,
  18986,
  18987,
  18988,
  18989,
  18990,
  18991,
  18992,
  18993,
  18994,
  18995,
  18996,
  18997,
  18998,
  18999,
  19000,
  19001,
  19002,
  19003,
  19004,
  19005,
  19006,
  19007,
  19008,
  19009,
  19010,
  19011,
  19012,
  19013,
  19014,
  19015,
  19016,
  19017,
  19018,
  19019,
  19020,
  19021,
  19022,
  19023,
  19024,
  19025,
  19026,
  19027,
  19028,
  19029,
  19030,
  19031,
  19051,
  19052,
  19053,
  19054,
  19055,
  19056,
  19057,
  19058,
  19059,
  19060,
  19061,
  19062,
  19063,
  19064,
  19065,
  19066,
  19072,
  19084,
  19085,
  19086,
  19087,
  19088,
  19089,
  19090,
  19091,
  19092,
  19093,
  19094,
  19095,
  19096,
  19097,
  19098,
  19099,
  19100,
  19102,
  19160,
  19161,
  19162,
  19163,
  19164,
  19290,
  19291,
  19292,
  19298,
  19345,
  19346,
  19347,
  19351,
  19457,
  19458,
  19459,
  19460,
  19461,
  19462,
  19467,
  19468,
  19469,
  19470,
  19473,
  19474,
  19475,
  19476,
  19481,
  19482,
  19483,
  19503,
  19504,
  19505,
  19506,
  19507,
  19508,
  19509,
  19510,
  19512,
  19513,
  19514,
  19515,
  19516,
  19517,
  19519,
  19520,
  19521,
  19522,
  19523,
  19524,
  19525,
  19526,
  19527,
  19528,
  19529,
  19530,
  19531,
  19532,
  19533,
  19534,
  19535,
  19536,
  19537,
  19538,
  19539,
  19540,
  19541,
  19556,
  19557,
  19558,
  19559,
  19560,
  19561,
  19562,
  19563,
  19568,
  19569,
  19574,
  19575,
  19765,
  19766,
  19767,
  19768,
  19769,
  19770,
  19776,
  19777,
  19778,
  19779,
  19780,
  19781,
  19782,
  19783,
  19784,
  19787,
  19788,
  19789,
  19791,
  19801,
  19897,
  19901,
  19902,
  19903,
  19904,
  19905,
  19906,
  19911,
  19914,
  19949,
  19955,
  19956,
  19957,
  19959,
  19960,
  19961,
  19962,
  19963,
  20333,
  20334,
  20335,
  20336,
  20337,
  20338,
  20339,
  20340,
  20341,
  20342,
  20343,
  20344,
  20345,
  20346,
  20347,
  20348,
  20349,
  20350,
  20355,
  20356,
  20357,
  20358,
  20475,
  20482,
  20483,
  20484,
  20485,
  20486,
  20487,
  20488,
  20489,
  20490,
  20491,
  20492,
  20493,
  20521,
  20522,
  20523,
  20524,
  20525,
  20526,
  20527,
  20528,
  20537,
  20538,
  20539,
  20552,
  20553,
  20554,
  20555,
  20556,
  20557,
  20558,
  20559,
  20560,
  20561,
  20562,
  20563,
  20564,
  20565,
  20568,
  20569,
  20570,
  20571,
  20572,
  20573,
  20574,
  20575,
  20576,
  20577,
  20578,
  20579,
  20580,
  20581,
  20582,
  20583,
  21026,
  21027,
  21028,
  21029,
  21030,
  21031,
  21032,
  21034,
  21035,
  21036,
  21037,
  21038,
  21206,
  21207,
  21208,
  21209,
  21210,
  21211,
  21212,
  21213,
  21214,
  21215,
  21220,
  21221,
  21222,
  21227,
  21228,
  21229,
  21230,
  21231,
  21232,
  21234,
  21235,
  21236,
  21237,
  21238,
  21239,
  21240,
  21241,
  21249,
  21255,
  21256,
  21257,
  21273,
  21274,
  21275,
  21279,
  21280,
  21281,
  21285,
  21286,
  21287,
  21288,
  21291,
  21292,
  21293,
  21297,
  21298,
  21299,
  21304,
  21310,
  21311,
  21312,
  21313,
  21314,
  21315,
  21316,
  21317,
  21318,
  21319,
  21320,
  21321,
  21322,
  21323,
  21324,
  21325,
  21326,
  21327,
  21328,
  21329,
  21330,
  21331,
  21332,
  21333,
  21334,
  21335,
  21336,
  21337,
  21338,
  21339,
  21340,
  21404,
  21405,
  21406,
  21407,
  21413,
  21414,
  21415,
  21416,
  21417,
  21420,
  21421,
  21423,
  21424,
  21425,
  21426,
  21427,
  21439,
  21440,
  21441,
  21442,
  21443,
  21444,
  21445,
  21446,
  21447,
  21448,
  21451,
  21454,
  21457,
  21458,
  21459,
  21460,
  21463,
  21466,
  21467,
  21468,
  21469,
  21472,
  21473,
  21474,
  21475,
  21478,
  21479,
  21480,
  21484,
  21485,
  21486,
  21487,
  21492,
  21493,
  21494,
  21498,
  21499,
  21500,
  21501,
  21502,
  21503,
  21505,
  21506,
  21507,
  21509,
  21512,
  21513,
  21514,
  21515,
  21519,
  21520,
  21521,
  21522,
  21523,
  21524,
  21525,
  21528,
  21529,
  21530,
  21535,
  21536,
  21537,
  21538,
  21545,
  21546,
  21547,
  21548,
  21549,
  21550,
  21551,
  21554,
  21555,
  21556,
  21557,
  21560,
  21561,
  21562,
  21566,
  21567,
  21568,
  21572,
  21573,
  21574,
  21575,
  21578,
  21579,
  21580,
  21582,
  21585,
  21586,
  21587,
  21588,
  21589,
  21590,
  21591,
  21596,
  21597,
  21598,
  21599,
  21602,
  21603,
  21604,
  21605,
  21608,
  21609,
  21610,
  21611,
  21614,
  21617,
  21618,
  21619,
  21620,
  21621,
  21623,
  21624,
  21625,
  21626,
  21629,
  21646,
  21647,
  21648,
  21649,
  21650,
  21651,
  21652,
  21653,
  21654,
  21655,
  21660,
  21663,
  21664,
  21665,
  21666,
  21667,
  21668,
  21669,
  21672,
  21673,
  21674,
  21675,
  21678,
  21679,
  21681,
  21682,
  21684,
  21685,
  21687,
  21688,
  21689,
  21690,
  21692,
  21693,
  21694,
  21695,
  21782,
  21783,
  22181,
  22182,
  22183,
  22189,
  22190,
  22191,
  22192,
  22197,
  22198,
  22199,
  22201,
  22202,
  22203,
  22204,
  22205,
  22317,
  22328,
  22329,
  22336,
  22337,
  22340,
  22349,
  22350,
  22351,
  22352,
  22353,
  22354,
  22355,
  22357,
  22358,
  22359,
  22360,
  22361,
  22381,
  22382,
  22389,
  22390,
  22391,
  22392,
  22396,
  22397,
  22398,
  22399,
  22400,
  22401,
  22402,
  22403,
  22404,
  22406,
  22407,
  22408,
  22409,
  22410,
  22414,
  22415,
  22417,
  22420,
  22423,
  22424,
  22425,
  22429,
  22430,
  22431,
  22436,
  22437,
  22438,
  22442,
  22443,
  22444,
  22449,
  22450,
  22451,
  22452,
  22456,
  22457,
  22458,
  22459,
  22460,
  22461,
  22462,
  22463,
  22465,
  22468,
  22469,
  22471,
  22472,
  22477,
  22478,
  22483,
  22484,
  22485,
  22486,
  22487,
  22488,
  22489,
  22490,
  22491,
  22495,
  22496,
  22497,
  22498,
  22501,
  22502,
  22503,
  22504,
  22525,
  22527,
  22528,
  22529,
  22530,
  22531,
  22532,
  22533,
  22541,
  22542,
  22543,
  22548,
  22549,
  22550,
  22551,
  22552,
  22556,
  22557,
  22558,
  22559,
  22560,
  22562,
  22563,
  22564,
  22565,
  22566,
  22567,
  22620,
  22621,
  22622,
  22623,
  22624,
  22625,
  22627,
  22628,
  22634,
  22635,
  22636,
  22637,
  22641,
  22642,
  22643,
  22644,
  23219,
  23220,
  23221,
  23222,
  23223,
  23224,
  23225,
  23226,
  23227,
  23228,
  23229,
  23230,
  23231,
  23232,
  23233,
  23234,
  23235,
  23236,
  23237,
  23238,
  23241,
  23242,
  23243,
  23244,
  23245,
  23256,
  23259,
  23261,
  23414,
  23415,
  23416,
  23417,
  23434,
  23435,
  23436,
  23437,
  23438,
  23451,
  23452,
  23453,
  23479,
  23480,
  23481,
  23482,
  23483,
  23484,
  23485,
  23486,
  23487,
  23488,
  23489,
  23490,
  23491,
  23492,
  23493,
  23494,
  23495,
  23496,
  23497,
  23498,
  23499,
  23500,
  23501,
  23502,
  23503,
  23504,
  23505,
  23506,
  23507,
  23508,
  23509,
  23510,
  23511,
  23512,
  23513,
  23514,
  23515,
  23516,
  23517,
  23518,
  23519,
  23636,
  23638,
  23639,
  23640,
  23641,
  23642,
  23653,
  23656,
  23659,
  23660,
  23661,
  23665,
  23666,
  23667,
  23671,
  23672,
  23673,
  23674,
  23676,
  23679,
  23680,
  23681,
  23682,
  23683,
  23684,
  23685,
  23686,
  23687,
  23689,
  23690,
  23691,
  23692,
  23693,
  23695,
  23696,
  23697,
  23698,
  23699,
  23700,
  23704,
  23705,
  23706,
  23710,
  23711,
  23712,
  23713,
  23714,
  23715,
  23716,
  23717,
  23718,
  23719,
  23720,
  23722,
  23723,
  23725,
  23726,
  23728,
  23729,
  23730,
  23731,
  23732,
  23734,
  23735,
  23737,
  23738,
  23740,
  23741,
  23771,
  23772,
  23773,
  23775,
  23776,
  23777,
  23778,
  23782,
  23783,
  23784,
  23785,
  23789,
  23790,
  23791,
  23795,
  23796,
  23797,
  23798,
  23801,
  23802,
  23803,
  23807,
  23808,
  23809,
  23813,
  23814,
  23815,
  23816,
  23817,
  23832,
  23833,
  23834,
  23835,
  23836,
  23837,
  23838,
  23845,
  23846,
  23847,
  23851,
  23852,
  23853,
  23854,
  23857,
  23858,
  23859,
  23860,
  23863,
  23864,
  23865,
  23866,
  23869,
  23870,
  23923,
  23924,
  23925,
  23927,
  23928,
  23929,
  23934,
  23935,
  23940,
  23941,
  23942,
  23946,
  23975,
  23976,
  23977,
  23979,
  23980,
  23981,
  23982,
  23983,
  23984,
  23985,
  23986,
  23989,
  23990,
  23998,
  23999,
  24000,
  24001,
  24004,
  24005,
  24006,
  24007,
  24008,
  24009,
  24010,
  24013,
  24014,
  24015,
  24016,
  24017,
  24018,
  24019,
  24020,
  24021,
  24022,
  24023,
  24024,
  24025,
  24026,
  24027,
  24068,
  24069,
  24070,
  24071,
  24123,
  24124,
  24125,
  24144,
  24145,
  24146,
  24147,
  24148,
  24149,
  24150,
  24151,
  24152,
  24153,
  24155,
  24156,
  24161,
  24683,
  24685,
  24686,
  24830,
  24831,
  24874,
  24875,
  24876,
  24877,
  24878,
  24879,
  24880,
  24881,
  24882,
  24885,
  24888,
  24889,
  24890,
  24902,
  24903,
  24904,
  24905,
  24906,
  24908,
  24909,
  24911,
  24912,
  24914,
  24915,
  24916,
  24918,
  24919,
  24921,
  24922,
  24924,
  24925,
  24926,
  24927,
  24928,
  24929,
  24930,
  24931,
  24932,
  24936,
  24937,
  24938,
  24940,
  24941,
  24942,
  24943,
  24944,
  24945,
  24947,
  24948,
  24949,
  24950,
  24951,
  24952,
  24953,
  24954,
  24955,
  24956,
  24957,
  24958,
  24960,
  24961,
  24963,
  24964,
  24965,
  24966,
  24967,
  24968,
  24969,
  24970,
  24971,
  24972,
  24973,
  24974,
  24976,
  24977,
  24978,
  24979,
  24980,
  24981,
  24982,
  24983,
  24984,
  24985,
  24986,
  24987,
  24988,
  24989,
  24990,
  24992,
  24993,
  24995,
  24996,
  24997,
  24998,
  24999,
  25001,
  25002,
  25003,
  25004,
  25005,
  25007,
  25008,
  25009,
  25010,
  25015,
  25016,
  25017,
  25019,
  25020,
  25021,
  25022,
  25023,
  25024,
  25029,
  25030,
  25031,
  25032,
  25033,
  25055,
  25057,
  25058,
  25059,
  25060,
  25061,
  25062,
  25063,
  25064,
  25065,
  25066,
  25067,
  25068,
  25069,
  25070,
  25071,
  25072,
  25073,
  25074,
  25075,
  25076,
  25077,
  25078,
  25079,
  25080,
  25081,
  25082,
  25085,
  25086,
  25087,
  25088,
  25091,
  25092,
  25093,
  25094,
  25097,
  25098,
  25099,
  25100,
  25196,
  25197,
  25198,
  25199,
  25200,
  25201,
  25202,
  25203,
  25205,
  25208,
  25209,
  25210,
  25214,
  25215,
  25216,
  25220,
  25221,
  25222,
  25226,
  25272,
  25273,
  25274,
  25275,
  25276,
  25278,
  25279,
  25280,
  25281,
  25282,
  25283,
  25284,
  25285,
  25288,
  25289,
  25290,
  25291,
  25292,
  25294,
  25342,
  25343,
  25344,
  25345,
  25346,
  25347,
  25348,
  25349,
  25350,
  25351,
  25352,
  25353,
  25354,
  25356,
  25357,
  25358,
  25359,
  25360,
  25361,
  25362,
  25363,
  25364,
  25365,
  25366,
  25587,
  25608,
  25609,
  25610,
  25613,
  25614,
  25615,
  25619,
  25620,
  25621,
  25992,
  25993,
  25994,
  25995,
  25996,
  25997,
  25998,
  25999,
  26000,
  26001,
  26002,
  26003,
  26004,
  26005,
  26010,
  26011,
  26119,
  26120,
  26121,
  26122,
  26123,
  26124,
  26125,
  26128,
  26129,
  26154,
  26155,
  26156,
  26157,
  26158,
  26159,
  26160,
  26161,
  26171,
  26172,
  26173,
  26174,
  26175,
  26176,
  26177,
  26178,
  26179,
  26180,
  26181,
  26182,
  26183,
  26184,
  26185,
  26186,
  26187,
  26188,
  26189,
  26190,
  26191,
  26192,
  26193,
  26196,
  26197,
  26198,
  26199,
  26200,
  26201,
  26202,
  26203,
  26204,
  26205,
  26206,
  26207,
  26209,
  26210,
  26216,
  26217,
  26218,
  26219,
  26220,
  26221,
  26222,
  26223,
  26224,
  26225,
  26226,
  26227,
  26228,
  26229,
  26230,
  26231,
  26289,
  26290,
  26291,
  26437,
  26441,
  26442,
  26443,
  26444,
  26445,
  26446,
  26447,
  26448,
  26449,
  26450,
  26452,
  26453,
  26454,
  26455,
  26460,
  26461,
  26462,
  26463,
  26464,
  26465,
  26466,
  26468,
  26469,
  26470,
  26476,
  26477,
  26478,
  26480,
  26503,
  26504,
  26505,
  26510,
  26511,
  26512,
  26513,
  26514,
  26515,
  26520,
  26521,
  26523,
  26524,
  26540,
  26541,
  26542,
  26763,
  26764,
  26780,
  26781,
  27315,
  27316,
  27317,
  27321,
  27322,
  27324,
  27325,
  27326,
  27327,
  27329,
  27330,
  27331,
  27335,
  27338,
  27346,
  27513,
  27514,
  27518,
  27519,
  27520,
  27521,
  27522,
  27523,
  27525,
  27526,
  27527,
  27528,
  27529,
  27532,
  27533,
  27534,
  27535,
  27538,
  27539,
  27540,
  27541,
  27545,
  27546,
  27547,
  27549,
  27553,
  27554,
  27555,
  27556,
  27559,
  27560,
  27561,
  27562,
  27563,
  27564,
  27565,
  27566,
  27567,
  27568,
  27699,
  27700,
  27962,
  27963,
  27964,
  27969,
  27970,
  27971,
  27972,
  27973,
  27974,
  27976,
  27982,
  27983,
  27984,
  28132,
  28133,
  28134,
  28135,
  28136,
  28137,
  28138,
  28139,
  28148,
  28149,
  28150,
  28151,
  28152,
  28153,
  28154,
  28155,
  28156,
  28157,
  28158,
  28159,
  28160,
  28161,
  28162,
  28163,
  28164,
  28165,
  28227,
  28228,
  28229,
  28230,
  28232,
  28233,
  28493,
  28494,
  28495,
  28496,
  28497,
  28499,
  28500,
  28501,
  28502,
  28503,
  28504,
  28505,
  28506,
  28507,
  28508,
  28514,
  28515,
  28649,
  28650,
  28651,
  28652,
  28653,
  28654,
  28655,
  28656,
  28657,
  28662,
  28663,
  28689,
  28690,
  28691,
  28692,
  28693,
  28694,
  28695,
  28698,
  28699,
  28700,
  28701,
  28702,
  28703,
  28705,
  28706,
  28707,
  28708,
  28709,
  28710,
  28713,
  28714,
  28715,
  28717,
  28718,
  28719,
  28720,
  28721,
  28784,
  28785,
  28786,
  28787,
  28788,
  28789,
  28790,
  28791,
  29109,
  29110,
  29111,
  29112,
  29113,
  29114,
  29115,
  29116,
  29117,
  29118,
  29119,
  29210,
  29211,
  29212,
  29213,
  29214,
  29219,
  29220,
  29221,
  29222,
  29223,
  29224,
  29225,
  29228,
  29229,
  29230,
  29234,
  29235,
  29236,
  29241,
  29246,
  29297,
  29298,
  29299,
  29300,
  29301,
  29302,
  29307,
  29308,
  29311,
  29312,
  29313,
  29316,
  29317,
  29318,
  29319,
  29320,
  29324,
  29325,
  29326,
  29327,
  29328,
  29329,
  29330,
  29332,
  29333,
  29334,
  29336,
  29337,
  29355,
  29356,
  29357,
  29358,
  29359,
  29360,
  29361,
  29362,
  29363,
  29364,
  29365,
  29366,
  29367,
  29368,
  29369,
  29370,
  29371,
  29372,
  29395,
  29396,
  29400,
  29475,
  29476,
  29477,
  29478,
  29479,
  29480,
  29482,
  29483,
  29484,
  29540,
  29541,
  29542,
  29552,
  29553,
  29554,
  29558,
  29559,
  29560,
  29561,
  29562,
  29570,
  29571,
  29573,
  29574,
  29575,
  29576,
  29577,
  29578,
  29579,
  29580,
  29581,
  29582,
  29583,
  29585,
  29586,
  29589,
  29590,
  29593,
  29594,
  29595,
  29647,
  29715,
  29716,
  29717],
 [2248,
  2249,
  2250,
  2251,
  2252,
  2253,
  2254,
  2255,
  2256,
  2257,
  2258,
  2259,
  2260,
  2261,
  2262,
  2263,
  2264,
  2265,
  2266,
  2267,
  2268,
  2269,
  2270,
  2271,
  2272,
  2273,
  2274,
  2275,
  2276,
  2277,
  2278,
  2279,
  2280,
  2281,
  2282,
  2283,
  2284,
  2285,
  2286,
  2287,
  2288,
  2289,
  2290,
  2291,
  2292,
  2293,
  2294,
  2295,
  2296,
  2297,
  2298,
  2299,
  2300,
  2301,
  2302,
  2303,
  2304,
  2305,
  2306,
  2307,
  2308,
  2309,
  2310,
  2311,
  2312,
  2314,
  2315,
  2316,
  2318,
  2320,
  2804,
  2805,
  2806,
  2807,
  2808,
  2809,
  2810,
  2811,
  2812,
  2813,
  2814,
  2815,
  2816,
  2817,
  2818,
  2819,
  2820,
  2821,
  2822,
  2823,
  2824,
  2825,
  2826,
  2827,
  2828,
  2829,
  2830,
  2831,
  2832,
  2833,
  2834,
  2835,
  2836,
  2837,
  2838,
  2839,
  2840,
  2841,
  2843,
  2845,
  2847,
  2849,
  3095,
  3096,
  3097,
  3098,
  3099,
  3100,
  3101,
  3102,
  3103,
  3104,
  3105,
  3106,
  3107,
  3108,
  3109,
  3110,
  3111,
  3112,
  3114,
  3115,
  3116,
  3117,
  3118,
  3119,
  3120,
  3121,
  3122,
  3123,
  3124,
  3125,
  3126,
  3127,
  3128,
  3129,
  3130,
  3131,
  3132,
  3133,
  3134,
  3135,
  3136,
  3137,
  3138,
  3139,
  3140,
  3141,
  3142,
  3143,
  3144,
  3145,
  3146,
  3147,
  3148,
  3149,
  3150,
  3151,
  3152,
  3153,
  3154,
  3155,
  3156,
  3157,
  3158,
  3159,
  3160,
  3161,
  3162,
  3163,
  3164,
  3165,
  3166,
  3167,
  3169,
  3171,
  3174,
  3175,
  3176,
  3178,
  3181,
  3988,
  3989,
  3990,
  3991,
  3992,
  3993,
  3994,
  3996,
  3997,
  3998,
  3999,
  4000,
  4001,
  4002,
  4004,
  4005,
  4006,
  4007,
  4009,
  4010,
  4011,
  4012,
  4013,
  4014,
  4015,
  4016,
  4017,
  4018,
  4019,
  4020,
  4021,
  4022,
  4023,
  4024,
  4025,
  4026,
  4027,
  4028,
  4029,
  4030,
  4031,
  4032,
  4033,
  4034,
  4035,
  4036,
  4038,
  4039,
  4040,
  4041,
  4042,
  4043,
  4044,
  4045,
  4046,
  4047,
  4048,
  4049,
  4050,
  4052,
  4053,
  4054,
  4055,
  4056,
  4057,
  4058,
  4059,
  4060,
  4061,
  4062,
  4063,
  4065,
  4067,
  4069,
  4072,
  4074,
  4077,
  4750,
  4751,
  4752,
  4753,
  4755,
  4756,
  4757,
  4758,
  4759,
  4760,
  4761,
  4762,
  4763,
  4764,
  4765,
  4766,
  4767,
  4768,
  4769,
  4770,
  4771,
  4772,
  4773,
  4774,
  4775,
  4776,
  4777,
  4778,
  4779,
  4780,
  4781,
  4782,
  4783,
  4784,
  4785,
  4786,
  4787,
  4788,
  4789,
  4790,
  4791,
  4792,
  4793,
  4794,
  4795,
  4796,
  4797,
  4798,
  4799,
  4800,
  4801,
  4802,
  4803,
  4804,
  4805,
  4806,
  4807,
  4808,
  4809,
  4810,
  4811,
  4812,
  4813,
  4814,
  4815,
  4816,
  4817,
  4818,
  4819,
  4820,
  4821,
  4822,
  4823,
  4824,
  4825,
  4826,
  4827,
  4828,
  4829,
  4830,
  4831,
  4832,
  4833,
  4834,
  4836,
  5297,
  5298,
  5299,
  5300,
  5301,
  5302,
  5303,
  5304,
  5305,
  5306,
  5307,
  5308,
  5309,
  5310,
  5311,
  5312,
  5313,
  5314,
  5315,
  5316,
  5317,
  5318,
  5319,
  5320,
  5321,
  5322,
  5323,
  5324,
  5325,
  5326,
  5327,
  5328,
  5329,
  5330,
  5331,
  5332,
  5333,
  5334,
  5335,
  5336,
  5337,
  5338,
  5339,
  5340,
  5341,
  5342,
  5343,
  5344,
  5345,
  5346,
  5347,
  5348,
  5349,
  5350,
  5351,
  5352,
  5353,
  5355,
  5357,
  5359,
  5361,
  5363,
  5985,
  5986,
  5987,
  5988,
  5989,
  5991,
  5992,
  5993,
  5994,
  5995,
  5996,
  5997,
  5998,
  5999,
  6000,
  6001,
  6002,
  6003,
  6004,
  6005,
  6006,
  6007,
  6008,
  6009,
  6010,
  6011,
  6012,
  6013,
  6014,
  6015,
  6016,
  6017,
  6018,
  6019,
  6020,
  6021,
  6022,
  6023,
  6024,
  6025,
  6026,
  6027,
  6028,
  6029,
  6030,
  6031,
  6032,
  6033,
  6034,
  6035,
  6036,
  6037,
  6038,
  6039,
  6040,
  6041,
  6042,
  6043,
  6044,
  6045,
  6046,
  6047,
  6048,
  6049,
  6050,
  6051,
  6052,
  6053,
  6054,
  6055,
  6056,
  6057,
  6058,
  6059,
  6060,
  6061,
  6062,
  6063,
  6064,
  6065,
  6066,
  6067,
  6068,
  6069,
  6071,
  6073,
  6075,
  6077,
  6079,
  6081,
  6085,
  6087,
  6088,
  6090,
  6092,
  6094,
  6096,
  6098,
  6100,
  6102,
  6104,
  6107,
  6109,
  6114,
  7248,
  7249,
  7250,
  7251,
  7252,
  7253,
  7254,
  7255,
  7256,
  7257,
  7258,
  7259,
  7260,
  7261,
  7263,
  7264,
  7265,
  7266,
  7267,
  7268,
  7269,
  7270,
  7271,
  7272,
  7273,
  7274,
  7275,
  7276,
  7277,
  7278,
  7279,
  7280,
  7281,
  7282,
  7284,
  7285,
  7286,
  7287,
  7288,
  7289,
  7290,
  7291,
  7292,
  7293,
  7294,
  7295,
  7296,
  7297,
  7298,
  7299,
  7300,
  7301,
  7302,
  7303,
  7304,
  7305,
  7306,
  7307,
  7308,
  7309,
  7310,
  7311,
  7312,
  7313,
  7314,
  7315,
  7317,
  7318,
  7319,
  7320,
  7321,
  7322,
  7323,
  7324,
  7325,
  7326,
  7327,
  7328,
  7329,
  7331,
  7333,
  7334,
  7336,
  7338,
  7340,
  7342,
  7344,
  7346,
  7348,
  7350,
  7352,
  7354,
  7356,
  7358,
  7360,
  7388,
  7945,
  7946,
  7948,
  7949,
  7950,
  7951,
  7954,
  7955,
  7957,
  7958,
  7959,
  7960,
  7961,
  7962,
  7963,
  7964,
  7965,
  7966,
  7967,
  7968,
  7969,
  7970,
  7971,
  7973,
  7974,
  7975,
  7976,
  7977,
  7978,
  7979,
  7980,
  7981,
  7982,
  7983,
  7984,
  7985,
  7986,
  7987,
  7988,
  7989,
  7990,
  7991,
  7992,
  7993,
  7994,
  7995,
  7996,
  7997,
  7998,
  7999,
  8001,
  8002,
  8003,
  8004,
  8005,
  8006,
  8007,
  8008,
  8009,
  8010,
  8011,
  8012,
  8013,
  8014,
  8015,
  8016,
  8017,
  8018,
  8019,
  8020,
  8021,
  8022,
  8023,
  8025,
  8026,
  8028,
  8030,
  8032,
  8034,
  8036,
  8038,
  8040,
  8042,
  8044,
  8046,
  8048,
  8050,
  8053,
  9024,
  9025,
  9026,
  9027,
  9028,
  9029,
  9030,
  9031,
  9032,
  9033,
  9034,
  9035,
  9036,
  9037,
  9038,
  9039,
  9040,
  9041,
  9042,
  9043,
  9044,
  9045,
  9046,
  9047,
  9048,
  9049,
  9050,
  9051,
  9052,
  9053,
  9054,
  9055,
  9056,
  9057,
  9058,
  9059,
  9060,
  9061,
  9062,
  9063,
  9064,
  9065,
  9066,
  9067,
  9068,
  9069,
  9070,
  9071,
  9072,
  9073,
  9074,
  9075,
  9076,
  9077,
  9078,
  9079,
  9080,
  9081,
  9082,
  9083,
  9084,
  9085,
  9086,
  9087,
  9088,
  9089,
  9090,
  9091,
  9092,
  9093,
  9094,
  9095,
  9096,
  9097,
  9098,
  9099,
  9101,
  9103,
  9105,
  9107,
  9109,
  9111,
  9113,
  9125,
  9127,
  10149,
  10150,
  10151,
  10152,
  10153,
  10154,
  10156,
  10157,
  10158,
  10159,
  10160,
  10161,
  10162,
  10163,
  10164,
  10165,
  10166,
  10167,
  10168,
  10169,
  10170,
  10171,
  10172,
  10173,
  10174,
  10175,
  10527,
  10528,
  10529,
  10530,
  10531,
  10532,
  10533,
  10534,
  10535,
  10536,
  10537,
  10538,
  10539,
  10540,
  10541,
  10542,
  10543,
  10544,
  10545,
  10546,
  10547,
  10548,
  10549,
  10550,
  10551,
  10552,
  10553,
  10554,
  10555,
  10556,
  10557,
  10558,
  10559,
  10560,
  10561,
  10562,
  10563,
  10564,
  10565,
  10566,
  10567,
  10568,
  10569,
  10570,
  10571,
  10572,
  10573,
  10574,
  10575,
  10576,
  10577,
  10578,
  10579,
  10580,
  10581,
  10582,
  10583,
  10584,
  10585,
  10586,
  10587,
  10588,
  10589,
  10590,
  10591,
  10592,
  10593,
  10594,
  10595,
  10596,
  10597,
  10598,
  10599,
  10600,
  10601,
  10602,
  10603,
  10604,
  10605,
  10606,
  10607,
  10608,
  10610,
  10612,
  10614,
  10616,
  10618,
  10620,
  10622,
  10624,
  10627,
  11340,
  11341,
  11342,
  11343,
  11344,
  11345,
  11346,
  11347,
  11348,
  11349,
  11350,
  11351,
  11352,
  11353,
  11354,
  11355,
  11356,
  11357,
  11358,
  11359,
  11360,
  11361,
  11362,
  11363,
  11364,
  11365,
  11366,
  11367,
  11368,
  11369,
  11370,
  11371,
  11372,
  11373,
  11374,
  11375,
  11376,
  11377,
  11378,
  11379,
  11380,
  11381,
  11382,
  11383,
  11384,
  11385,
  11386,
  11387,
  11388,
  11389,
  11390,
  11391,
  11392,
  11393,
  11394,
  11395,
  11396,
  11397,
  11398,
  11399,
  11400,
  11401,
  11402,
  11403,
  11404,
  11405,
  11406,
  11407,
  11408,
  11409,
  11410,
  11411,
  11412,
  11413,
  11414,
  11415,
  11416,
  11417,
  11418,
  11420,
  11422,
  11424,
  11426,
  12337,
  12338,
  12339,
  12362,
  12363,
  12364,
  12365,
  12366,
  12367,
  12368,
  12369,
  12370,
  12371,
  12372,
  12373,
  12374,
  12375,
  12376,
  12377,
  12378,
  12379,
  12380,
  12381,
  12382,
  12403,
  12404,
  12405,
  12406,
  12407,
  12408,
  12409,
  12410,
  12411,
  12412,
  12413,
  12414,
  12415,
  12416,
  12417,
  12418,
  12419,
  12420,
  12421,
  12422,
  12423,
  12424,
  12425,
  12426,
  12427,
  12428,
  12429,
  12430,
  12431,
  12432,
  12433,
  12434,
  12435,
  12436,
  12437,
  12438,
  12439,
  12440,
  12441,
  12442,
  12443,
  12444,
  12445,
  12446,
  12448,
  12449,
  12450,
  12451,
  12452,
  12453,
  12454,
  12455,
  12465,
  12466,
  12468,
  12470,
  12472,
  12474,
  12476,
  12478,
  12480,
  12482,
  12484,
  12486,
  12488,
  12490,
  12492,
  12494,
  12496,
  12498,
  12500,
  12502,
  12504,
  12506,
  12508,
  12510,
  12512,
  12515,
  12517,
  12522,
  12544,
  13829,
  13832,
  13833,
  13835,
  13836,
  13838,
  13839,
  13840,
  13841,
  13842,
  13844,
  13845,
  13846,
  13847,
  13848,
  13867,
  13868,
  13869,
  13870,
  13871,
  13872,
  13873,
  13874,
  13875,
  13876,
  13877,
  13878,
  13879,
  13880,
  13881,
  13882,
  13883,
  13884,
  13885,
  13886,
  13887,
  13888,
  13904,
  13905,
  13906,
  13907,
  13908,
  13909,
  13910,
  13911,
  13912,
  13913,
  13914,
  13915,
  13916,
  13917,
  13919,
  13921,
  13922,
  13923,
  13924,
  13925,
  13926,
  13927,
  13928,
  13929,
  13930,
  13931,
  13932,
  13933,
  13934,
  13935,
  13936,
  13937,
  13938,
  13939,
  13940,
  13941,
  13942,
  13943,
  13944,
  13945,
  13946,
  13947,
  13948,
  13949,
  13950,
  13951,
  13952,
  13953,
  13954,
  13955,
  13956,
  13957,
  13958,
  13959,
  13960,
  13961,
  13962,
  13963,
  13964,
  13965,
  13966,
  13968,
  13969,
  13970,
  13971,
  13972,
  13975,
  13976,
  13977,
  13979,
  13981,
  13983,
  13985,
  13987,
  13989,
  13991,
  13992,
  13994,
  13996,
  13998,
  14000,
  14002,
  14004,
  14006,
  14008,
  14010,
  14012,
  14014,
  14016,
  14018,
  14020,
  14022,
  14024,
  14027,
  14029,
  14031,
  14033,
  14036,
  14440,
  14441,
  14443,
  14444,
  14448,
  14449,
  14452,
  14453,
  14457,
  14462,
  14463,
  14464,
  14471,
  14472,
  14474,
  14475,
  14477,
  14478,
  14480,
  14481,
  14482,
  14484,
  14485,
  14487,
  14488,
  14489,
  14766,
  14767,
  14768,
  14774,
  14775,
  14776,
  14777,
  14778,
  14779,
  14780,
  14781,
  14782,
  14783,
  14784,
  14785,
  14786,
  14787,
  14788,
  14789,
  14790,
  14791,
  14792,
  14793,
  14794,
  14795,
  14796,
  14797,
  14798,
  14799,
  14800,
  14801,
  14802,
  14803,
  14819,
  14820,
  14821,
  14822,
  14823,
  14824,
  14825,
  14826,
  14827,
  14828,
  14829,
  14830,
  14831,
  14832,
  14833,
  14834,
  14835,
  14836,
  14837,
  14838,
  14839,
  14840,
  14841,
  14842,
  14843,
  14844,
  14845,
  14846,
  14847,
  14848,
  14849,
  14850,
  14851,
  14852,
  14853,
  14854,
  14855,
  14856,
  14857,
  14858,
  14859,
  14860,
  14862,
  14863,
  14864,
  14880,
  14882,
  14884,
  14886,
  14888,
  14890,
  14892,
  14894,
  14896,
  14898,
  14900,
  14903,
  14904,
  14906,
  14908,
  14910,
  14911,
  14913,
  14915,
  14918,
  16045,
  16046,
  16048,
  16049,
  16051,
  16052,
  16054,
  16055,
  16057,
  16058,
  16059,
  16060,
  16061,
  16063,
  16064,
  16066,
  16067,
  16069,
  16096,
  16097,
  16098,
  16099,
  16100,
  16101,
  16102,
  16103,
  16104,
  16105,
  16106,
  16107,
  16108,
  16109,
  16110,
  16111,
  16112,
  16113,
  16114,
  16115,
  16116,
  16117,
  16132,
  16133,
  16134,
  16135,
  16136,
  16137,
  16138,
  16139,
  16140,
  16141,
  16142,
  16143,
  16144,
  16145,
  16146,
  16147,
  16148,
  16149,
  16150,
  16151,
  16152,
  16153,
  16154,
  16155,
  16156,
  16157,
  16158,
  16159,
  16160,
  16161,
  16162,
  16163,
  16164,
  16165,
  16166,
  16167,
  16168,
  16169,
  16170,
  16171,
  16172,
  16173,
  16174,
  16175,
  16176,
  16177,
  16178,
  16179,
  16180,
  16182,
  16184,
  16185,
  16201,
  16203,
  16205,
  16207,
  16209,
  16211,
  16213,
  16217,
  16219,
  16221,
  16224,
  16227,
  16229,
  16237,
  16240,
  17551,
  17552,
  17553,
  17554,
  17555,
  17557,
  17558,
  17559,
  17560,
  17561,
  17562,
  17563,
  17564,
  17565,
  17566,
  17567,
  17568,
  17570,
  17571,
  17574,
  17575,
  17577,
  17578,
  17579,
  17580,
  17581,
  17589,
  17590,
  17591,
  17592,
  17593,
  17594,
  17595,
  17596,
  17597,
  17598,
  17599,
  17600,
  17601,
  17602,
  17603,
  17604,
  17605,
  17606,
  17607,
  17608,
  17609,
  17610,
  17611,
  17612,
  17613,
  17614,
  17615,
  17616,
  17617,
  17618,
  17619,
  17620,
  17621,
  17622,
  17623,
  17624,
  17625,
  17626,
  17627,
  17628,
  17629,
  17630,
  17631,
  17632,
  17633,
  17634,
  17635,
  17636,
  17637,
  17638,
  17639,
  17640,
  17641,
  17642,
  17643,
  17644,
  17645,
  17646,
  17647,
  17648,
  17649,
  17650,
  17651,
  17652,
  17653,
  17654,
  17655,
  17656,
  17657,
  17658,
  17659,
  17660,
  17661,
  17662,
  17663,
  17664,
  17665,
  17666,
  17667,
  17668,
  17669,
  17670,
  17671,
  17672,
  17673,
  17674,
  17675,
  17676,
  17677,
  17678,
  17679,
  17680,
  17681,
  17682,
  17683,
  17684,
  17685,
  17686,
  17687,
  17690,
  17693,
  17695,
  17697,
  17698,
  17699,
  17700,
  17702,
  17704,
  17706,
  17708,
  17710,
  17712,
  17714,
  17716,
  17718,
  17720,
  17722,
  17724,
  17726,
  17728,
  17730,
  17732,
  17734,
  17736,
  17738,
  17740,
  17746,
  17749,
  17755,
  19307,
  19642,
  19643,
  19644,
  19645,
  19646,
  19647,
  19648,
  19649,
  19650,
  19651,
  19652,
  19653,
  19654,
  19655,
  19656,
  19657,
  19658,
  19659,
  19660,
  19661,
  19662,
  19663,
  19664,
  19665,
  19666,
  19704,
  19705,
  19706,
  19707,
  19708,
  19709,
  19710,
  19711,
  19712,
  19713,
  19714,
  19715,
  19716,
  19717,
  19718,
  19719,
  19720,
  19721,
  19722,
  19723,
  19724,
  19725,
  19726,
  19727,
  19728,
  19729,
  19730,
  19731,
  19732,
  19733,
  19734,
  19735,
  19736,
  19737,
  19966,
  19967,
  19978,
  19979,
  19981,
  19982,
  19984,
  19985,
  19987,
  19988,
  20013,
  20014,
  20015,
  20016,
  20017,
  20018,
  20019,
  20020,
  20021,
  20022,
  20023,
  20024,
  20025,
  20026,
  20027,
  20028,
  20029,
  20030,
  20031,
  20032,
  20033,
  20034,
  20035,
  20036,
  20037,
  20038,
  20039,
  20040,
  20041,
  20042,
  20043,
  20044,
  20045,
  20046,
  20055,
  20056,
  20058,
  20059,
  20061,
  20062,
  20063,
  20064,
  20065,
  20066,
  20068,
  20069,
  20070,
  20071,
  20072,
  20073,
  20074,
  20075,
  20076,
  20077,
  20078,
  20079,
  20080,
  20081,
  20082,
  20083,
  20084,
  20085,
  20086,
  20087,
  20088,
  20089,
  20090,
  20091,
  20092,
  20093,
  20094,
  20095,
  20096,
  20097,
  20098,
  20099,
  20100,
  20101,
  20102,
  20103,
  20104,
  20105,
  20106,
  20107,
  20108,
  20109,
  20111,
  20115,
  20117,
  20119,
  20121,
  20123,
  20125,
  20127,
  20129,
  20131,
  20133,
  20135,
  20137,
  20139,
  20141,
  20143,
  20145,
  20148,
  20161,
  20700,
  20701,
  20702,
  20703,
  20704,
  20705,
  20706,
  20707,
  20708,
  20709,
  20710,
  20711,
  20712,
  20713,
  20714,
  20715,
  20716,
  20717,
  20718,
  20719,
  20720,
  20721,
  20736,
  20737,
  20738,
  20739,
  20740,
  20741,
  20742,
  20743,
  20744,
  20745,
  20746,
  20747,
  20748,
  20749,
  20750,
  20751,
  20752,
  20753,
  20754,
  20755,
  20756,
  20757,
  20758,
  20759,
  20760,
  20761,
  20762,
  20763,
  20764,
  20765,
  20766,
  20767,
  20768,
  20769,
  20770,
  20771,
  20772,
  20773,
  20774,
  20775,
  20776,
  20777,
  20778,
  20779,
  20780,
  20782,
  20783,
  20784,
  20785,
  20801,
  20803,
  20805,
  20807,
  20809,
  20811,
  20813,
  20814,
  20816,
  20818,
  20820,
  20822,
  20824,
  20826,
  20828,
  20835,
  21800,
  21801,
  21825,
  21826,
  21952,
  21954,
  21956,
  21957,
  21958,
  21959,
  21974,
  21975,
  21976,
  21977,
  21978,
  21979,
  21980,
  21981,
  21982,
  21983,
  21984,
  21985,
  21986,
  21987,
  22022,
  22023,
  22024,
  22025,
  22026,
  22027,
  22028,
  22029,
  22030,
  22031,
  22032,
  22033,
  22034,
  22035,
  22036,
  22037,
  22038,
  22039,
  22040,
  22041,
  22042,
  22043,
  22044,
  22045,
  22046,
  22047,
  22048,
  22049,
  22050,
  22051,
  22052,
  22053,
  22054,
  22055,
  22056,
  22057,
  22059,
  22061,
  22063,
  22065,
  22067,
  22081,
  22083,
  22085,
  22087,
  22089,
  22092,
  22094,
  22096,
  22099,
  22101,
  22105,
  22697,
  22698,
  22704,
  22709,
  22710,
  22711,
  22712,
  22713,
  22714,
  22715,
  22716,
  22717,
  22718,
  22719,
  22720,
  22738,
  22739,
  22740,
  22741,
  22742,
  22743,
  22744,
  22745,
  22746,
  22747,
  22748,
  22749,
  22750,
  22751,
  22752,
  22753,
  22754,
  22755,
  22756,
  22757,
  22758,
  22759,
  22760,
  22761,
  22762,
  22763,
  22764,
  22765,
  22766,
  22767,
  22768,
  22769,
  22770,
  22771,
  22772,
  22773,
  22774,
  22775,
  22776,
  22777,
  22778,
  22779,
  22780,
  22781,
  22782,
  22783,
  22784,
  22786,
  22788,
  22790,
  22792,
  22794,
  22812,
  22814,
  22816,
  22819,
  22820,
  24117,
  24118,
  24173,
  24175,
  24176,
  24178,
  24179,
  24180,
  24181,
  24182,
  24184,
  24185,
  24187,
  24188,
  24189,
  24191,
  24195,
  24196,
  24210,
  24211,
  24215,
  24216,
  24217,
  24218,
  24219,
  24220,
  24221,
  24222,
  24223,
  24224,
  24225,
  24226,
  24227,
  24228,
  24229,
  24230,
  24231,
  24232,
  24233,
  24234,
  24235,
  24236,
  24237,
  24238,
  24239,
  24240,
  24245,
  24246,
  24247,
  24248,
  24249,
  24250,
  24251,
  24252,
  24253,
  24254,
  24255,
  24256,
  24257,
  24258,
  24259,
  24260,
  24261,
  24262,
  24263,
  24264,
  24265,
  24266,
  24267,
  24268,
  24269,
  24270,
  24273,
  24274,
  24275,
  24276,
  24277,
  24278,
  24279,
  24280,
  24281,
  24282,
  24283,
  24284,
  24285,
  24286,
  24287,
  24288,
  24289,
  24290,
  24291,
  24292,
  24293,
  24294,
  24295,
  24296,
  24297,
  24298,
  24299,
  24300,
  24301,
  24302,
  24303,
  24304,
  24305,
  24307,
  24309,
  24311,
  24313,
  24315,
  24317,
  24319,
  24321,
  24323,
  24325,
  24327,
  24329,
  24331,
  24333,
  24335,
  24337,
  24339,
  24341,
  24675,
  24676,
  24677,
  24841,
  24842,
  24844,
  24845,
  24847,
  24848,
  24849,
  24851,
  24852,
  24854,
  24856,
  24857,
  24858,
  24859,
  24860,
  24861,
  24862,
  24864,
  24865,
  25402,
  25407,
  25408,
  25419,
  25448,
  25449,
  25453,
  25455,
  25456,
  25550,
  25551,
  25635,
  25644,
  25678,
  25679,
  25681,
  25682,
  25690,
  25711,
  25712,
  25713,
  25714,
  25715,
  25716,
  25717,
  25718,
  25719,
  25720,
  25721,
  25723,
  25724,
  25725,
  25726,
  25727,
  25729,
  25730,
  25731,
  25732,
  25733,
  25734,
  25735,
  25736,
  25737,
  25738,
  25739,
  25740,
  25741,
  25742,
  25743,
  25744,
  25745,
  25746,
  25747,
  25748,
  25749,
  25750,
  25751,
  25752,
  25753,
  25754,
  25755,
  25756,
  25757,
  25758,
  25759,
  25760,
  25761,
  25762,
  25763,
  25764,
  25765,
  25766,
  25767,
  25768,
  25769,
  25770,
  25771,
  25772,
  25773,
  25774,
  25775,
  25776,
  25777,
  25778,
  25779,
  25780,
  25781,
  25782,
  25783,
  25784,
  25785,
  25786,
  25787,
  25789,
  25790,
  25791,
  25792,
  25793,
  25794,
  25795,
  25796,
  25797,
  25798,
  25799,
  25800,
  25801,
  25802,
  25804,
  25806,
  25808,
  25810,
  25812,
  25814,
  25816,
  25818,
  25819,
  25821,
  25823,
  25825,
  25828,
  25894,
  25895,
  25896,
  25897,
  25898,
  25899,
  25900,
  25901,
  26368,
  26398,
  26495,
  26496,
  26584,
  26585,
  26655,
  26656,
  26657,
  26658,
  26659,
  26660,
  26661,
  26662,
  26663,
  26664,
  26665,
  26666,
  26667,
  26675,
  26676,
  26677,
  26678,
  26679,
  26680,
  26681,
  26682,
  26683,
  26684,
  26685,
  26686,
  26687,
  26688,
  26689,
  26690,
  26691,
  26692,
  26693,
  26694,
  26695,
  26697,
  26698,
  26699,
  26700,
  26701,
  26703,
  26705,
  26708,
  26709,
  26710,
  26711,
  26712,
  26713,
  26714,
  26715,
  26716,
  26717,
  26719,
  26720,
  26721,
  26722,
  26723,
  26733,
  26734,
  26735,
  26736,
  26737,
  26906,
  26934,
  26938,
  27022,
  27023,
  27024,
  27025,
  27026,
  27027,
  27028,
  27029,
  27030,
  27031,
  27032,
  27033,
  27034,
  27035,
  27036,
  27037,
  27038,
  27039,
  27040,
  27041,
  27042,
  27043,
  27044,
  27045,
  27046,
  27047,
  27055,
  27056,
  27057,
  27058,
  27059,
  27060,
  27061,
  27062,
  27063,
  27064,
  27065,
  27066,
  27067,
  27068,
  27069,
  27070,
  27071,
  27072,
  27073,
  27074,
  27075,
  27076,
  27077,
  27078,
  27079,
  27080,
  27081,
  27082,
  27083,
  27084,
  27085,
  27086,
  27087,
  27093,
  27725,
  27758,
  27760,
  27761,
  27762,
  27763,
  27764,
  27765,
  27766,
  27767,
  27768,
  27769,
  27770,
  27771,
  27772,
  27773,
  27774,
  27775,
  27776,
  27777,
  27778,
  27779,
  27780,
  27781,
  27782,
  27783,
  27784,
  27785,
  27786,
  27787,
  27788,
  27789,
  27790,
  27791,
  27792,
  27793,
  27794,
  27795,
  27796,
  27797,
  27798,
  27799,
  27800,
  27801,
  27802,
  27803,
  27804,
  27805,
  27806,
  27807,
  27808,
  27809,
  27810,
  27811,
  27812,
  27813,
  27814,
  27815,
  27816,
  27817,
  27818,
  27820,
  27821,
  27822,
  27823,
  27824,
  27825,
  27826,
  27827,
  27828,
  27829,
  27830,
  27831,
  27832,
  27833,
  27834,
  27835,
  27836,
  27837,
  27839,
  27841,
  27843,
  27845,
  27847,
  28259,
  28260,
  28262,
  28263,
  28264,
  28265,
  28266,
  28267,
  28268,
  28269,
  28271,
  28272,
  28276,
  28290,
  28291,
  28292,
  28293,
  28294,
  28295,
  28296,
  28297,
  28298,
  28299,
  28300,
  28301,
  28302,
  28303,
  28304,
  28305,
  28306,
  28307,
  28308,
  28309,
  28310,
  28311,
  28312,
  28313,
  28314,
  28315,
  28316,
  28317,
  28318,
  28319,
  28320,
  28321,
  28322,
  28323,
  28332,
  28335,
  28336,
  28337,
  28338,
  28339,
  28340,
  28341,
  28342,
  28343,
  28344,
  28345,
  28346,
  28347,
  28348,
  28349,
  28350,
  28351,
  28352,
  28353,
  28354,
  28355,
  28356,
  28357,
  28358,
  28359,
  28360,
  28361,
  28362,
  28363,
  28364,
  28365,
  28366,
  28367,
  28368,
  28369,
  28370,
  28371,
  28372,
  28374,
  28375,
  28376,
  28831,
  28832,
  28833,
  28834,
  28835,
  28836,
  28837,
  28838,
  28839,
  28840,
  28841,
  28842,
  28843,
  28844,
  28845,
  28846,
  28847,
  28848,
  28849,
  28850,
  28851,
  28852,
  28853,
  28854,
  28855,
  28856,
  28857,
  28858,
  28859,
  28860,
  28861,
  28862,
  28863,
  28864,
  28865,
  28866,
  28867,
  28868,
  28869,
  28870,
  28871,
  28872,
  28873,
  28874,
  28875,
  28876,
  28877,
  28878,
  28879,
  28880,
  28881,
  28882,
  28883,
  28884,
  28885,
  28886,
  28887,
  28888,
  28889,
  28890,
  28891,
  28892,
  28893,
  28894,
  28895,
  28896,
  28897,
  28898,
  28899,
  28900,
  28901,
  28902,
  28903,
  28904,
  28905,
  28906,
  28907,
  28908,
  28909,
  28910,
  28911,
  28912,
  28913,
  28914,
  28915,
  28916,
  28917,
  28918,
  28919,
  28920,
  28921,
  28922,
  28923,
  28924,
  28925,
  28926,
  28927,
  28928,
  28930,
  28931,
  28933,
  28935,
  28937,
  28939,
  28941,
  28943,
  28945,
  28947,
  29669,
  29670,
  29671,
  29739,
  29768]]
