time,pressure_measure
"[0.0, -2.9283333333333417, -5.856666666666655, -32.74555555555557, -51.06472222222223, -63.545277777777784, -72.04833333333335, -77.8413888888889, -81.78805555555556, -84.47694444444446]","[0.0, -3.4702469961298448, -7.014217274580005, -43.900906430919804, -75.90723085277978, -103.93199683037983, -128.84332356368986, -151.39003964006997, -172.16686426219985, -191.61579709546004]"
"[0.0, -0.13083333333332803, -0.26166666666665606, -1.4447222222222535, -2.4991666666666674, -3.439166666666665, -4.276666666666699, -5.023333333333369, -5.688611111111129, -6.281666666666695]","[0.0, 2.3579054531801376, 4.745041603480331, 27.800425903810265, 50.93465814241017, 74.13010248075989, 97.36988511234995, 120.63778498728016, 143.91817654921033, 167.19591874666003]"
"[0.0, -2.174166666666622, -4.348333333333301, -10.141388888888855, -14.088055555555513, -16.77694444444444, -18.608888888888885, -19.856944444444423, -20.707222222222185, -21.286666666666633]","[0.0, -9.368156440929852, -19.856413301200064, -55.924785947800046, -92.41539133369997, -128.81562810186006, -164.60617560617993, -199.39710815289027, -232.95180512630986, -265.1433913379301]"
"[0.0, -0.002777777777737356, -0.005277777777735082, -0.01277777777772826, -0.019444444444445708, -0.025555555555513365, -0.03138888888884139, -0.037499999999965894, -0.043611111111090395, -0.049722222222214896]","[0.0, -0.27844389162009975, -0.5649022868897191, -1.4425473116098146, -2.2968980688397096, -3.1463356916497105, -4.078769141169687, -5.114320043149746, -6.282257794439829, -7.627998290319738]"
"[0.0, -6.532500000000027, -13.064722222222201, -25.545555555555552, -34.048611111111086, -39.8413888888889, -43.788333333333355, -46.477222222222224, -48.30916666666667, -49.55722222222221]","[0.0, -16.36891324717999, -35.11735046696003, -81.00710835506015, -125.5475741765099, -168.26787129772993, -208.77137156936988, -246.87542407881983, -282.6178126596501, -316.1781538380701]"
"[0.0, -2.443333333333328, -4.8869444444444525, -10.81694444444446, -16.102222222222224, -20.8125, -25.010555555555584, -28.752222222222258, -32.08694444444444, -35.05916666666667]","[0.0, 7.1285093219999, 14.6370561450899, 34.68116737016999, 55.18209675130993, 76.1247163306698, 97.49260995589975, 119.26803400902963, 141.43196541917996, 163.96417572523978]"
"[0.0, -5.976666666666688, -11.95305555555558, -42.24750000000006, -72.54194444444443, -102.83611111111111, -133.1305555555556, -163.42500000000007, -193.71916666666664, -220.60805555555555]","[0.0, -3.1268245490500703, -6.305237077779566, -23.287390714130197, -41.97632060577962, -62.83399173321959, -86.55930006528979, -114.2952139150002, -148.14554840451, -187.0028851679499]"
"[0.0, -1.4530555555555793, -2.9063888888888414, -7.616666666666674, -11.814722222222258, -15.556388888888932, -18.89111111111106, -21.863333333333344, -24.51222222222225, -26.87305555555554]","[0.0, 7.297753413140072, 14.854767513609659, 41.35973492303992, 68.06256375766998, 94.94122271123979, 121.97496679287997, 149.14426522841995, 176.43074514659975, 203.81709301304]"
"[0.0, -11.35694444444448, -22.714166666666642, -41.03333333333342, -53.513888888888914, -62.01694444444445, -67.81000000000006, -71.75666666666666, -74.44555555555564, -76.27750000000003]","[0.0, -18.794173380329994, -42.032011526230235, -95.81983366524037, -155.96773968651996, -222.3011685567999, -293.94666048751014, -369.58560681097015, -447.6927993896602, -526.70254336053]"
"[0.0, -0.0591666666666697, -0.1183333333333394, -0.5894444444444389, -1.009444444444398, -1.3836111111111222, -1.7169444444443798, -2.014166666666597, -2.2791666666665833, -2.5149999999999864]","[0.0, 3.113389444279619, 6.268649873799859, 32.974852829479914, 59.63113759561975, 86.22161265259001, 112.73047626396965, 139.14194585408995, 165.44026182959988, 191.60962617241967]"
"[0.0, -8.245000000000118, -16.49000000000001, -43.37888888888892, -61.698055555555584, -74.1786111111112, -82.68166666666673, -88.47472222222234, -92.42138888888894, -95.11027777777792]","[0.0, -5.712534874110133, -11.831635020280373, -35.92800677123978, -59.09424900063004, -82.60372873321012, -107.90445526357053, -136.44476756962013, -169.40183399890975, -207.40170238178052]"
"[0.0, -0.11777777777774645, -0.2355555555554929, -3.5702777777778465, -6.542222222222108, -9.191111111111013, -11.551944444444416, -13.656111111111159, -15.531388888888841, -17.202777777777783]","[0.0, 0.864234483529799, 1.731963688740052, 27.864410581439643, 54.14231503803967, 80.5491735306, 107.0689903422799, 133.68629546371994, 160.38611235853978, 187.1539561841896]"
"[0.0, -2.293611111111204, -4.587222222222181, -8.533888888888896, -11.222777777777765, -13.05472222222238, -14.30277777777792, -15.153055555555511, -15.732500000000073, -16.12694444444446]","[0.0, -13.30714632272975, -28.72068330305956, -62.59378311128967, -94.79337535672994, -125.12802182521, -153.62933598153995, -180.43569775508013, -205.7016951543401, -229.5473825035001]"
"[0.0, -1.6163888888888778, -3.2327777777777555, -6.2047222222222445, -8.85361111111115, -11.214444444444553, -13.318611111111068, -15.193888888888978, -16.86527777777792, -18.354722222222335]","[0.0, 9.643727837659753, 19.88813771951982, 40.56374944599975, 61.45086762309984, 82.56038069589977, 103.9005369522597, 125.47662556277965, 147.2908267194698, 169.34214084368978]"
"[0.0, -11.089444444444553, -22.178888888888878, -52.47333333333336, -79.36222222222227, -97.68138888888893, -110.16194444444454, -118.66499999999996, -124.45805555555557, -128.4047222222223]","[0.0, -9.82013212476977, -20.670109595649592, -57.87683407357963, -107.53280662268025, -161.21818190974955, -218.97393706006005, -280.25229588799994, -344.0176817473598, -408.9503391665098]"
"[0.0, -1.629722222222199, -3.2594444444446253, -12.657777777777937, -21.034166666666806, -28.499722222222317, -35.15333333333342, -41.08361111111117, -46.36861111111125, -51.07916666666665]","[0.0, 3.701327397840032, 7.48095487278988, 30.974077059750016, 54.80121885378003, 78.94715369591995, 103.39591451982005, 128.13085157166006, 153.13474060663975, 178.38989707798964]"
"[0.0, -6.710277777777719, -13.420555555555438, -43.71499999999992, -70.60361111111115, -88.92277777777781, -101.4036111111111, -109.90666666666675, -115.69972222222214, -119.64638888888885]","[0.0, -7.298460273040291, -15.108207996840065, -59.08018004731002, -118.83868630580037, -183.99855398553973, -254.08011501997998, -328.14731538563, -405.0175576370398, -483.42593270280986]"
"[0.0, -0.32638888888891415, -0.6530555555555111, -1.836388888888905, -2.8908333333333758, -3.8308333333334303, -4.668333333333294, -5.414999999999964, -6.080277777777837, -6.673333333333403]","[0.0, 5.307511643460202, 10.75638179057023, 31.808648296680076, 52.59446088607001, 73.09579030795021, 93.29736252145995, 113.1866842339, 132.75403462376016, 151.99236150689012]"
"[0.0, -2.5705555555555293, -5.141388888888741, -9.088055555555457, -11.776944444444325, -13.608888888888941, -14.85694444444448, -15.707222222222072, -16.286666666666633, -16.681111111111022]","[0.0, -13.182327500170231, -30.115423484540315, -68.61213801586018, -111.79614392885014, -158.30010838122007, -206.46905576652034, -254.65530893106006, -301.45495019193004, -345.8450292955704]"
"[0.0, -0.2847222222221717, -0.5697222222222535, -1.7530555555556475, -2.807499999999891, -3.7474999999999454, -4.585000000000036, -5.331666666666706, -5.9969444444443525, -6.589999999999918]","[0.0, 4.355639352439994, 8.828280399429786, 28.801664031059772, 48.86486444858019, 69.01699088944997, 89.25509011189979, 109.57417188553018, 129.96734812838986, 150.42595457996003]"
"[0.0, -13.586666666666815, -27.173333333333403, -54.06222222222232, -72.38138888888898, -84.86194444444459, -93.36500000000001, -99.15805555555562, -103.10472222222234, -105.7936111111112]","[0.0, -12.91437852531999, -27.786477746609307, -66.37731774813983, -105.78538063926953, -146.0373486049093, -186.7835944246799, -227.42573146540963, -267.3127815448597, -305.91852524550995]"
"[0.0, -0.04916666666667879, -0.09833333333335759, -0.6266666666665515, -1.0977777777777646, -1.5177777777778374, -1.8919444444443343, -2.225277777777819, -2.5225000000000364, -2.787499999999909]","[0.0, 2.3391883864701413, 4.701567985490328, 31.686142224480136, 58.608631440540194, 85.45554433922007, 112.2133250367001, 138.86834864992989, 165.40685102223006, 191.81493616637]"
"[0.0, -4.129166666666833, -8.258055555555757, -26.577222222222417, -39.05805555555571, -47.56083333333345, -53.35388888888906, -57.30083333333346, -59.989722222222326, -61.821666666666715]","[0.0, -3.465573609420062, -7.15262279774015, -27.567198988210293, -49.07421939036067, -73.10261952931069, -100.8416567614504, -132.99596506385024, -169.61359957539025, -210.0779428533906]"
"[0.0, -1.3872222222221353, -2.774444444444498, -5.74666666666667, -8.395555555555575, -10.756111111111068, -12.86027777777781, -14.735555555555493, -16.406944444444434, -17.89638888888885]","[0.0, 10.612161918089896, 21.777002320149677, 47.83841714204982, 74.02962496597002, 100.33648647493965, 126.74505474155967, 153.24156390519965, 179.81245181153963, 206.44433778566963]"
"[0.0, -1.0533333333332848, -2.106666666666797, -28.995555555555484, -47.314722222222144, -59.795277777777756, -68.2983333333334, -74.09138888888901, -78.0380555555555, -80.72694444444437]","[0.0, -1.072700292049376, -2.159902953299934, -36.438796408169765, -72.01443509344972, -108.58861814822922, -145.5764784005396, -182.35368394228954, -218.43767770925933, -253.54679052835945]"
"[0.0, -0.7080555555555748, -1.4163888888888323, -3.7769444444445526, -5.881111111111068, -7.756388888888978, -9.427777777777692, -10.917222222222335, -12.244722222222208, -13.428055555555602]","[0.0, 6.89810631868022, 14.029262438909882, 39.69806461900998, 65.49931130050982, 91.41786264042003, 117.43859081247001, 143.54643349520984, 169.72647210993, 195.96394618428985]"
"[0.0, -4.713333333333594, -9.426944444444871, -39.72138888888912, -70.0155555555557, -100.3100000000004, -130.60416666666697, -160.89861111111122, -191.19305555555593, -221.4872222222225]","[0.0, -0.9389674400299555, -1.8879162771299889, -8.247522680019756, -15.13576572203965, -22.697103476630218, -31.147167653420183, -40.82701762796023, -52.31863447047999, -66.72389905118962]"
"[0.0, -0.3180555555554747, -0.6363888888886322, -1.690833333333103, -2.6305555555554747, -3.4683333333332484, -4.214999999999691, -4.880277777777792, -5.473333333333358, -6.0016666666665515]","[0.0, 6.616263403519952, 13.444002861559966, 37.769273595580216, 62.0571510406503, 86.30016987793033, 110.49071204495021, 134.6209957395099, 158.68301237698006, 182.66852394191028]"
"[0.0, -13.117222222222154, -26.234722222222445, -56.5291666666667, -86.82333333333327, -113.71222222222241, -132.03138888888907, -144.51222222222214, -153.01499999999987, -158.8080555555557]","[0.0, -4.502388508140029, -9.309114720030266, -21.952973830009796, -37.986313173370036, -57.91601415483001, -78.63046942411984, -101.16706230719956, -126.59729307557973, -155.96213943875955]"
"[0.0, -0.5758333333333212, -1.1519444444443252, -3.256111111111295, -5.131388888888978, -6.802499999999782, -8.292222222222335, -9.619722222222208, -10.803055555555602, -11.857500000000073]","[0.0, 6.858921995480159, 13.92156284163002, 41.65760921983019, 69.41936815156032, 97.1967769035, 124.97998041749997, 152.75930360711027, 180.5251758345603, 208.26810470725013]"
"[0.0, -11.689444444444234, -23.378888888888923, -41.698055555555584, -54.17888888888865, -62.681944444444525, -68.47472222222223, -72.42166666666662, -75.1105555555555, -76.94249999999965]","[0.0, -10.91881979845948, -24.79689489348948, -57.509972475119866, -96.53020667133933, -142.4612459097698, -195.10288461825985, -253.47744720214996, -316.03397051660977, -380.95106676180967]"
"[0.0, -0.03194444444443434, -0.06388888888886868, -0.9016666666666424, -1.6483333333335395, -2.313611111111186, -2.9066666666667516, -3.4349999999999454, -3.906111111111386, -4.325833333333321]","[0.0, 0.968478770369984, 1.9409739228199214, 28.88879869172979, 55.818881349890034, 82.71912336924015, 109.57731302451975, 136.38114283590994, 163.11815703658976, 189.77576551308994]"
"[0.0, -2.064444444444689, -4.128888888888923, -12.631944444444343, -18.425000000000182, -22.371666666666897, -25.060555555555766, -26.892499999999927, -28.140555555555693, -28.990833333333285]","[0.0, -4.020368172599774, -8.498274987719924, -34.45934511421001, -65.96323519768976, -103.48145630654926, -146.76840937810994, -194.8584905161497, -246.2663150151193, -299.30646580239954]"
"[0.0, -0.40694444444443434, -0.8138888888888687, -1.6516666666666424, -2.3983333333330847, -3.063611111111186, -3.656666666666297, -4.184999999999945, -4.656111111110931, -5.075833333333321]","[0.0, 10.724457078889827, 22.007495226619994, 47.24982228795989, 72.50863541230001, 97.77259522803979, 123.02972477497997, 148.26752183761982, 173.47299907262004, 198.63278079802012]"
"[0.0, -1.916388888889287, -3.833055555555802, -12.33583333333354, -18.128888888888923, -22.07583333333332, -24.76472222222219, -26.596388888889123, -27.844444444444434, -28.695000000000164]","[0.0, -3.414426945269952, -7.212998830120341, -31.19853152630003, -60.669391587590326, -95.83688455787978, -136.28688905863055, -181.00016665082057, -228.55018354123058, -277.39375367049024]"
"[0.0, -0.22944444444465262, -0.4588888888888505, -1.7863888888887232, -2.969722222222117, -4.024166666666588, -4.96388888888896, -5.801666666666733, -6.548333333333176, -7.213611111111277]","[0.0, 3.6441306782098764, 7.357256763749774, 30.335733247429744, 53.352637711359876, 76.40241042917978, 99.47835538116988, 122.57276294385974, 145.67698815825997, 168.78158482439994]"
"[0.0, -0.6686111111107493, -1.3374999999996362, -31.63166666666666, -58.52055555555535, -76.83972222222201, -89.32055555555553, -97.82333333333327, -103.61638888888865, -107.56333333333305]","[0.0, 0.03617142273014906, 0.07248967679061025, 1.8330608623200533, 3.2328345150408495, 3.1514119688208666, 0.9992538627802787, -3.808829582079852, -11.8757734096298, -23.796197990419387]"
"[0.0, -0.003055555555420142, -0.006388888888977817, -0.014722222222189885, -0.022222222222353594, -0.028888888889014197, -0.03499999999985448, -0.040833333333466726, -0.04694444444430701, -0.05305555555560204]","[0.0, -0.08924670713031446, -0.18295327016994634, -0.45589570641004684, -0.7333154375201048, -1.0133449135400951, -1.3008213598700422, -1.626034867279941, -1.9981496337700264, -2.4304957876602202]"
"[0.0, -5.8494444444445435, -11.698888888889087, -41.99333333333334, -72.28777777777805, -102.58194444444462, -132.87638888888887, -163.1705555555559, -193.46500000000015, -220.35388888888883]","[0.0, 0.11804049186002885, 0.2399682200098141, 0.9326511386998391, 1.719337769859976, 2.56810615716995, 3.393288878279691, 3.970485021609875, 3.659831269159895, 0.9328750875297374]"
"[0.0, -0.0033333333335576754, -0.006388888888977817, -0.014722222222189885, -0.022222222222353594, -0.028888888889014197, -0.03499999999985448, -0.04111111111114951, -0.04694444444430701, -0.05305555555560204]","[0.0, -0.06758057156002906, -0.13904700514012802, -0.34982817203990635, -0.5674604765199547, -0.7900014053898303, -1.0209686307598531, -1.2848447868300354, -1.5896270390799145, -1.9469479838498955]"
"[0.0, -6.819444444444343, -13.638611111111459, -43.933055555556166, -74.22722222222274, -104.52166666666653, -134.81611111111124, -165.1102777777778, -195.40472222222252, -225.69916666666722]","[0.0, -0.00862628576987845, -0.015454372949989192, -0.02352032221006084, 0.005971753580070072, 0.07431695622017287, 0.1821029881702998, 0.3286509796103019, 0.5110432210499312, 0.722383784629983]"
"[0.0, -0.003333333333102928, -0.006388888888977817, -0.014722222222189885, -0.022222222221898846, -0.028888888889014197, -0.03499999999985448, -0.041111111110694765, -0.04694444444430701, -0.053055555555147293]","[0.0, -0.16253924145030396, -0.3303574694900817, -0.8045385194000119, -1.2675488613799644, -1.7189490426499106, -2.168367819080231, -2.662350091350163, -3.2116980239102304, -3.8321242615502342]"
"[0.0, -2.743611111111022, -5.487222222222954, -13.990000000000691, -19.78305555555562, -23.730000000000473, -26.41888888888934, -28.250555555556275, -29.49888888888927, -30.34916666666686]","[0.0, -7.850459030009915, -16.641492079620093, -52.456138700320025, -89.37697790515995, -125.99068754537029, -161.08332659507005, -193.82865501121023, -223.83745087136003, -251.08280114049012]"
"[0.0, -0.0030555555558748893, -0.006388888888977817, -0.013888888889596274, -0.02055555555580213, -0.026666666666642413, -0.03250000000025466, -0.03861111111109494, -0.04472222222284472, -0.050833333333685005]","[0.0, -1.1180042137498276, -2.275143190539893, -5.175818931370031, -7.99861649757986, -10.80438208491978, -13.883446297089904, -17.302072983110065, -21.15664846942991, -25.59672646315994]"
"[0.0, -11.940277777777737, -23.880555555555475, -54.17500000000018, -84.46916666666675, -114.76361111111146, -145.05805555555526, -175.35222222222274, -205.64666666666653, -235.9408333333331]","[0.0, 0.15384634754991566, 0.31245447491983214, 0.7365844873697824, 1.1924113107997982, 1.6803291859100682, 2.2002373472996624, 2.751278127650039, 3.3314398039096886, 3.9369453122599225]"
